cv_loss: 1.6830972724073514
epoch: 14
lr: 0.00025
