cv_loss: 1.883884959333525
epoch: 15
lr: 0.00025
