cv_loss: 1.7878882828659899
epoch: 16
lr: 0.00025
