cv_loss: 1.8966206678255337
epoch: 17
lr: 0.00025
