cv_loss: 1.900927738880548
epoch: 18
lr: 0.000125
