cv_loss: 1.835975564370944
epoch: 19
lr: 0.000125
